"x"
32.8
30.6
29.1
31.7
29.9
30.2
21
25.4
23.7
28.3
28.4
27.6
17.4
20.3
22.1
28.5
26.6
25.9
27
27.2
26.6
34.5
30.9
31
33.8
30.5
30.5
29.2
28.1
27
38.1
34
32.3
31.9
31.4
31.7
38.1
39.2
38.1
34.3
32.2
31.6
38.6
36.9
35.9
38.1
34.9
36.7
34.3
34.4
35.3
49.6
43.1
42.4
35.9
39.2
39.7
46.8
42.1
42.2
40.6
38
38.1
27
22.9
23.5
24.4
19.9
20.8
23.2
19.2
16.9
27.6
22.7
22.5
27.1
22.9
21
28.7
30.2
31.1
26.3
22.6
22.2
35.9
33.7
33.2
36.2
33.9
33.8
28.6
30.9
30.9
39
36.8
34.3
29
31.5
32.9
37.3
36.9
34.9
34.3
33.9
33.4
38
35.7
34.8
37.8
35.2
35.4
29.8
31.7
30.8
42
37.5
36.4
32.1
33.5
34.8
39.8
39.3
38.5
36.6
35.4
35.1
31.2
25.4
27.1
28.6
25.4
24.6
28.7
24
23.2
34.8
29.8
28.7
32.3
28.7
27.8
38.9
41.7
39.5
32.2
28.4
27.8
35.6
32.4
32.4
35.3
31.3
31.4
29.6
29.4
28.6
38.5
34.7
32.9
31.3
31.5
31.7
38.7
38.4
38.1
34.8
32.8
32.3
33.4
30.4
29.9
32.1
29.9
30.2
26.9
26.9
25.7
37.1
32.7
31.6
29.5
29.6
30.1
35.7
36.9
35.2
32.5
30.9
30.3
35.7
32.2
32.2
35.2
31.4
31.5
30.3
29.2
28.1
40.2
35.5
33.9
33.2
33.1
33
40.2
41.2
40.6
35.8
33.6
33
29
28.2
27
27.6
27.7
28.1
19.6
24.1
23.6
27.5
26.6
26.1
18.1
20.4
22.6
23.3
24.8
22.6
24.2
25.3
25.1
